0.02247758141218066
0.022943660377830122
0.02237645238007011
0.023120900962993574
0.022893733873767783
0.021575880997673835
0.02226574439869335
0.02306543410024493
0.02259870566980082
0.02217288894761398
0.02281192981169257
0.023070111119644528
0.0227002588572917
0.022107983031602364
0.022189569185271256
0.02248859913188031
0.022662194618486953
0.02218319264311709
0.02310539723889851
0.023261671718281578
0.02296170626486811
0.022106280733878002
0.023033117314930695
0.022297692710365812
0.021965208956270646
0.02260838457186678
0.022855535815127077
0.022741257641490556
0.022737857658473856
0.022220128839956336
0.022100400551230526
0.02242714227671609
0.022929648485075536
0.022223792887665843
0.02315579121491538
0.022928231631605248
0.022587795394059744
0.02288372691553901
0.022793145746957715
0.022585732278728596
0.023141363964785618
0.023003440507081738
0.022550831189162603
0.022539837041232788
0.023322110722042648
0.022454844915864584
0.0229042975632689
0.02312361295582363
0.02257839197753988
0.0222187537860776
0.022552377288689817
0.022082519203153326
0.022783795354853417
0.022224292941948984
0.02317073562199293
0.023235773372362236
0.022455308078496408
0.022404883745749025
0.023104422391062522
0.02255933343521706
0.022824238592456584
0.02243687268179971
0.02254051992193335
0.022563572876476506
0.02276398937146213
0.022167247398252033
0.02273615570539118
0.022731764318287176
0.022892041895536983
0.02249493578509061
0.022658612232930888
0.02201917236589236
0.022224756312476456
0.02273589189027174
0.022239470877265875
0.022121207745954937
0.022116136268635067
0.02216562912069927
0.022660464461580924
0.0225281735791415
0.02243496679840064
0.022998210675807963
0.022759441676674957
0.02277621986185991
0.022898464913093483
0.023339372259895567
0.023044445990875604
0.022370188029537375
0.021757044622127814
0.0224808277753485
0.022381567219611355
0.022453945045896477
0.022323531644034705
0.022175771805560924
0.022407549662098066
0.02245211683211232
0.022372213520016768
0.02242710769358253
0.02240042957304685
0.022976788302186756
0.023000137116236278
0.021934582841730773
0.02219948643522553
0.02279780506137177
0.02268264429877506
0.02197240472390313
0.02332053874639935
0.023350435219396424
0.023046105434112507
0.022822197554658353
0.02344853380007051
0.022684923361312146
0.02269710892818885
0.023072990050879025
0.022624683538059426
0.02233834971216968
0.0224110064449297
0.0216395259917453
0.022224931341495884
0.023132647877343256
0.02274891498630218
0.022567626039820262
0.022051985938785018
0.02359721452474675
0.0229734804147019
0.022875565182608852
0.022577113394258188
0.023389711869994067
0.021848252724436426
0.022410883136573717
0.022121012755967815
0.023107150430364855
0.02300903106419284
0.02282258721823498
0.02302739694523782
0.022615015437623284
0.023876099057331797
0.022272320008459107
0.02256647758835172
0.022966734240253254
0.022050843867810768
0.022999403993307577
0.02265806547027039
0.02201200522937346
0.022528484310368455
0.021911217443514895
0.0228296492987416
0.02312346097386586
0.022091296963198767
0.023057066256160372
0.02205267529635405
0.022158959737199557
0.022555225635494544
0.022845346934352986
0.022279339227226948
0.022621674127326477
0.022631790774496924
0.023746392984878354
0.023249692529823004
0.022254402735686286
0.022414734440110162
0.02236567374117862
0.023291116321005993
0.021834100055109225
0.02293913822959301
0.02267871824604782
0.022354647965667704
0.02196065716664655
0.02202704529645021
0.023146944638661775
0.02281182195971953
0.02308073099170017
0.02221516719613729
0.023235434651229774
0.02263097194911478
0.022655211935530547
0.022404122267676612
0.022659242448538782
0.02276489314264917
0.023044637591635577
0.02271613641673393
0.02313167368317182
0.022662880314631074
0.022777454575156477
0.022489008766460036
0.02198216021199538
0.022908735998364436
0.02232607564509572
0.02267519905234972
0.022586608977753768
0.021722267719815547
0.022741321431692947
0.022724831555345357
0.022313472000404868
0.022100886290376386
0.022914977952657824
0.023343170738797832
0.022411746162209277
0.02195026185883381
0.023004896774868916
0.02214839050663584
0.02313018074514693
0.022840514046573352
0.023388589407813253
0.022485140840618475
0.023248286754680034
0.022070933867283246
0.022799636542155638
0.022370895906865234
0.02224118057968429
0.022577489424784235
0.02222734653971305
0.023210030184280875
0.021990070247199425
0.022437743281686632
0.022288130784735266
0.022297895167621325
0.023146139662476053
0.021947619899558686
0.023257307932818702
0.022250884928677873
0.022913502195806606
0.02270459672160105
0.022578037997461074
0.022988023968692223
0.022379401373759072
0.02263464414827964
0.022924496183844126
0.023091482129459197
0.021644370214915946
0.02239928498540412
0.022730999780091438
0.022454968718455405
0.022000012011457768
0.02313953948253698
0.022346571674123013
0.022673843733758418
0.02329004990345817
0.022055637070027573
0.022378889708839035
0.022676207036954308
0.022970974326016625
0.0228872729961026
0.02261861753754402
0.02253099955318664
0.022502488381704867
0.023400944775766753
0.022557540223253313
0.022978502160127878
0.022898605517658245
0.022939786000734885
0.022489770899297334
0.022342277009631168
0.022754415281641297
0.022856349930385655
0.02293734771258761
0.022766688746451293
0.021861427032446708
0.02133594614665103
0.023084916230916585
0.02263986112186476
0.022832960326771595
0.02233974977994842
0.022625566965489077
0.02210341075780615
0.022233374289083962
0.02216260615975006
0.02267324615113029
0.022468262154207438
0.02267724321102303
0.022112778570204945
0.02245521427831787
0.02328979110189614
0.022446175824107264
0.022855922736801124
0.022442234121090157
0.02315228770296685
0.022652296665176985
0.022933075372720685
0.022946343427690447
0.02284884211710336
0.02296326757066908
0.022099427964957247
0.023038239356316433
0.022082827847748947
0.023505244605738163
0.022332213511765703
0.022795825887322478
0.022501858277210133
0.022762277468455373
0.023139207601964952
0.022352167072942384
0.022683489067969468
0.022231254956829948
0.022748763832255957
0.02224342657510983
0.022048887516403503
0.02224721786437308
0.02239205318337447
0.02315086015783863
0.023001106087022598
0.022194901771480514
0.02233623887625951
0.022527211292266536
0.02344713062226134
0.022719516566453286
0.02286284160148627
0.02284148012971559
0.02287841117252837
0.021593412012261132
0.022344731953149406
0.02256185031469313
0.022239745176948586
0.02200152430776134
0.02205635523221135
0.023124142658252064
0.02261765323695357
0.02191175062378425
0.022146835073746315
0.023661671782861687
0.02278969751719719
0.022849633927910014
0.023340348184352395
0.022181658752663896
0.02206699477303957
0.02263681646743821
0.022767788570713904
0.023360375046908816
0.022646466187930144
0.022404094491763133
0.022494090875268925
0.022730495850453294
0.02236345853111336
0.021976915781148788
0.022672822168260408
0.022521984433886064
0.022603539703564497
0.02312688272367367
0.02258697901717652
0.02192151264914429
0.022235614318702385
0.022252740230576835
0.022348717859959278
0.02246197604030565
0.02214052145397628
0.023341464262902206
0.022730351803027536
0.02268636948256812
0.02180002584535163
0.023445664209162737
0.02277627185389175
0.021171592788666902
0.022247133323957925
0.02259100204320152
0.022897794800945927
0.021962158081904225
0.022966914085703248
0.02221133696622634
0.022445588408540457
0.022598549942927808
0.023248667161297393
0.022294990295720372
0.02282385820559936
0.022479925842318598
0.022419745141692267
0.022381616049553122
0.022980501614713707
0.022811220675886444
0.022951503521188937
0.022959500724424813
0.022492760671531747
0.023375274789714504
0.0229431032737012
0.022285687940679328
0.022150409902221304
0.021943863038022576
0.023374957220137896
0.023439420017955195
0.022567693452534607
0.02309442908733653
0.022880372107347616
0.023029538575098315
0.023011583549863504
0.02237289164337298
0.022499857307382864
0.022689208729282814
0.02227924105356995
0.022091256193800635
0.022838258588292998
0.022175400223930736
0.023100458834878566
0.022636410808947335
0.02262119222001194
0.022565892867243025
0.022705163099240214
0.022850403519382254
0.02313497076235092
0.022762934762869804
0.022546846920020153
0.022626880109941745
0.022675464055256674
0.022323442022572963
0.02282351981165439
0.022836957750616213
0.022831186869470232
0.022624112068560128
0.02251483192458948
0.022721575675099984
0.0222962456082471
0.02250436534228167
0.02214710016616839
0.022750503231679833
0.022687091770283378
0.021821088420619444
0.02242690767693942
0.022023439695284606
0.021849092700876205
0.022983840422024227
0.022162567317136603
0.02313131956146301
0.02217675573998103
0.022421789261400867
0.022084432050861382
0.022830658730009584
0.022465014567905478
0.022803137778747092
0.022450913933569735
0.023134594985618803
0.022835285409708816
0.022796263283331335
0.022744082658528557
0.0225569050370791
0.02323885406861487
0.022606812455441855
0.021677487815737
0.021833829515933836
0.02305762161238326
0.02273984865418871
0.021869912170700556
0.02215019561258484
0.02238353752306553
0.02179357386060638
0.02301756609153204
0.022283520481400948
0.022428184728401208
0.022714902694457716
0.022704613491702212
0.023302186804883645
0.02256369652664675
0.022058813567918778
0.022865807885846988
0.02195407598039259
0.022379990927490715
0.02229098304826544
0.021289148952588405
0.022748838522413963
0.022959067905230692
0.022532789414135727
0.022865248000305947
0.02213915934464547
0.023010053872314754
0.02247782137961818
0.022798844926276055
0.022277089480694307
0.022311930549078433
0.022347360490263438
0.022426618807036235
0.02232562921109746
0.0227594646574273
0.022460731716211147
0.022946980730308018
0.02280043582212708
0.02250124391886454
0.02248970865099518
0.022523293432222154
0.021912559127976555
0.022469277351452398
0.022453041899385597
0.022491577636687014
0.023061427385679723
0.02335146533867849
0.02287695314608116
0.022141800560384242
0.022669279829907484
0.022771797863484183
0.023067063277744732
0.02199595326700849
0.022509460200109636
0.022219841600785606
0.022148487035212244
0.02204370189186045
0.023601914564116724
0.022526095879365066
0.02306579932780862
0.02259303837407194
0.02256682364105593
0.022737316466719334
0.022894493303157903
0.023010079237571836
0.0232633697681144
0.022655771958518433
0.021973240639001662
0.02238581997077091
0.02247429857820308
0.02280165448001952
0.022219315961910447
0.022284423562921565
0.022724414379068504
0.022742418440355436
0.023099722115130065
0.022910166203363103
0.022082173681136068
0.022659312919372704
0.022778175996623014
0.022137158088134823
0.02277631702316522
0.022880779635212706
0.022324350190040285
0.022924034271695367
0.022002751098561403
0.02298477717614131
0.022455527646194403
0.02246486256386687
0.022440736121822822
0.02222065696394339
0.022479709476130854
0.022583537885538015
0.022870289996838492
0.023099494573536314
0.022092926663170878
0.022901344563792756
0.02257422381318863
0.022152867178854736
0.02350740274054651
0.02276240848487258
0.022157626883851474
0.022048820812850024
0.022873483483746786
0.022770513588083713
0.02310246518397809
0.022730489379953388
0.022935176234202388
0.02170922732683656
0.022117747466469606
0.02236813500232105
0.022078949662605464
0.022112018431052396
0.02309190041383178
0.0219628512551983
0.023160747351578824
0.023161020179012094
0.02217895202037493
0.0228857481996541
0.022366285556866535
0.02273007365308658
0.022443938254251384
0.022124260505719015
0.022582296030069428
0.022559306752992444
0.022096213070029475
0.02280424210980926
0.02288443810510772
0.022155058772692384
0.021775105512346012
0.022615439423383787
0.022230105605303717
0.022576873432295117
0.02272375747615964
0.0229670281489899
0.02249117736731595
0.022576468350178156
0.022630619500082494
0.022509420730975088
0.022441025845049305
0.022599849121055775
0.022514275351093925
0.022457290775083544
0.022436111514197138
0.022141572896131
0.022689346281988848
0.02178874524469545
0.022273335737299022
0.02272643903256903
0.022756031479543474
0.022033144133551622
0.023357695804932327
0.022289793016640174
0.022604356859085555
0.022024669599279168
0.021551274611975216
0.022813519015686245
0.022188875889297088
0.021895613433373068
0.022328957022826206
0.022977235509612417
0.02249583490997794
0.02266223743724717
0.022481436797675773
0.02320529069784023
0.0228861372613994
0.02258770257734497
0.022624329052496474
0.022652849969509652
0.022702516075814014
0.02285524861450675
0.023233334330562953
0.021638930911829852
0.02341586309456126
0.022349092048180298
0.02180460734931784
0.02304343241564813
0.023609244637098924
0.02270468427041611
0.022598899208637273
0.022391441078211564
0.02228505963094489
0.022161255452745974
0.02256316898369329
0.02206673482297166
0.02167850009887417
0.023013333766169347
0.022770397245508497
0.02284821236488408
0.02234547495896571
0.022177636443743265
0.022770099546060876
0.022847898119644706
0.022375722506695922
0.022358046575878993
0.02257673368626869
0.022789655782885204
0.02310993660607681
0.022513310336529486
0.021910531960664986
0.02211828836269112
0.022104908356702112
0.02260713105610037
0.02296391956532533
0.022136649345279702
0.022366852306951995
0.022285176285459597
0.022994457662184626
0.023364725596111087
0.02217678198542917
0.022519643655395962
0.023349649173446476
0.022518254376012126
0.022522812963360495
0.02308302050445834
0.021873703299232893
0.022395360041884055
0.022989931017790875
0.02302031129674144
0.022548310882181122
0.022747137945276073
0.022279394816271624
0.022366194303160062
0.022550996202996585
0.02252178688124585
0.02200252630712081
0.022317762452999945
0.0227038607526883
0.022128733453879185
0.022331575081211308
0.023067896393169127
0.02217159874632951
0.02293131609758736
0.02190985087067015
0.021899413954439464
0.023123707352347908
0.022562607401128195
0.022403056976640905
0.021776886391534713
0.02264744766159657
0.021736866008431163
0.022976713303312322
0.02258909608995007
0.02269997524130866
0.0233233139328628
0.021750980652242607
0.023149855460307754
0.022011497053430664
0.02226182577940396
0.02302089686733388
0.022242428750170722
0.022257703938468765
0.022182496241389914
0.022395949522348916
0.022795962985922423
0.022764445855353577
0.022942579515016413
0.02260081241008387
0.022961124881727808
0.02260891742503758
0.02297897265251221
0.0236615962220668
0.02310699200763893
0.02284751392891492
0.022552894478896253
0.022789727845831678
0.022831505247219643
0.02301200503032159
0.022495772573615385
0.022388278873838225
0.022372211393119557
0.023490817641765478
0.02313564241233253
0.02252407575002021
0.022749969684543965
0.022589385292718932
0.022286835556870156
0.02284207634335834
0.022044242109591987
0.02309427156981616
0.022341753758384448
0.022694943085043356
0.02258896040557432
0.022363325081847202
0.022540460854875093
0.02202193360276259
0.02402957959733557
0.022344912798232374
0.0225217430765888
0.022815931165363595
0.02221830337476106
0.02264977896072342
0.023057054342085208
0.02290168863023898
0.0222961662225897
0.022794133700671237
0.022447681165049357
0.02335181008773619
0.0224334908512981
0.022563437837008517
0.023028840193629028
0.022516887184449642
0.022662271716448298
0.022988768559923486
0.022545957364329943
0.022741085709752043
0.02239346641240583
0.022494809946356897
0.023058672356338003
0.022710370225483348
0.021946224688795243
0.02283751787418704
0.022529678546810327
0.02285351437887583
0.022879353406191367
0.023256484043680768
0.022684865309122153
0.022552408828353642
0.022539418582046562
0.02349063857392214
0.022978724448304597
0.021976009324817473
0.022980420798869302
0.021884630354830608
0.022877006697447515
0.022116761109862382
0.02256179546937661
0.023077490015196885
0.022060605710291142
0.0225246704757478
0.02274056870044467
0.02244072870439386
0.022626093870594298
0.02225317351722506
0.02213228621071348
0.021993324206538167
0.022395914143876212
0.022435864065944163
0.022387739117097932
0.021812404244279274
0.022671727387928626
0.022696493007071064
0.02375300197886156
0.0229474415625216
0.022040946582149504
0.022237397165971486
0.022784865730902024
0.022996266222525954
0.02198775067409221
0.021873060050039417
0.022457479293245222
0.021777396808937956
0.023309126354618282
0.022367072250155638
0.02343425048494235
0.022685430185911185
0.022638833076964675
0.022232133753017306
0.022015596444948302
0.02320041521420449
0.02298751038364597
0.022495636905840784
0.022605717256346507
0.02285913086919173
0.022751424910186054
0.02248548262755426
0.02249370345658054
0.022867294610930747
0.022447503693981026
0.0218823137628038
0.022193454242864508
0.02237622747843511
0.022649044312572062
0.022639099842331128
0.022586818023747405
0.02234160929515174
0.022572292654391733
0.022510199841893303
0.022883799088364607
0.02344982243103157
0.023614402013489508
0.022020918042495265
0.022918434077648018
0.022761075216877084
0.022647144460335788
0.02182951350951824
0.023171577828617073
0.023183742202555483
0.02195348498630787
0.02164910071219018
0.022095117793950392
0.022586821641421666
0.022490169734208733
0.022859311596614244
0.022656367350818017
0.022306485827444603
0.022186449213464812
0.02258639909806839
0.022918491046174074
0.02230104525825688
0.02260113291263253
0.022620456816302145
0.022400859694008936
0.02309418090762689
0.023456334312244125
0.02336916312808034
0.02279995005710648
0.0228129914301534
0.022701874702603226
0.022556983489016923
0.022230957350786344
0.02216671602894889
0.022215761468492128
0.022919407373715003
0.022094385106700972
0.02253824511474687
0.02251069330839892
0.022742171475402362
0.02278858186941041
0.02259705918675437
0.023032408911664012
0.023061633882522976
0.022719049946299204
0.022063928598191854
0.022467402916421998
0.022668995995891644
0.02251795419109899
0.022785397856128063
0.022827446243636723
0.02146908990645435
0.022806820413728744
0.02278186918536927
0.022563574612840295
0.02261248395377984
0.022310903038291925
0.02316788391617229
0.022639179969520497
0.022049908985666663
0.02265781619580108
0.022406162297130685
0.022838517043607075
0.022757967503179863
0.02295667798497732
0.022841705549348213
0.022096962252464537
0.022442169935523615
0.02247048091164797
0.022434589859895
0.02281552236407642
0.023752570912759882
0.02267967216701737
0.02265897337905803
0.02283954288132384
0.022656451007813695
0.022364515299470405
0.021785002502097164
0.02194199838645208
0.02253856018751571
0.022669211987291493
0.02260391733791016
0.021962007650037984
0.022530489987663067
0.02181582094705903
0.022892189282784983
0.02315530857693322
0.021924086299538417
0.023061678110578562
0.022150223269577368
0.022000159328553977
0.022663390463219767
0.022720589248415222
0.02299469913446876
0.02180442939963476
0.022905136904244564
0.022380472259937625
0.02261533144989319
0.022611171791392572
0.02269463694308233
0.02179214267651065
0.02193117303705043
0.022108420012903675
0.021961227816701883
0.022872198991389342
0.022587184723234573
0.022583445595842352
0.023037381161343004
0.022727147486479755
0.021824722555893464
0.022265883153925303
0.022565815868539358
0.0222603117024108
0.022734872426214532
0.022409637927154974
0.022419732376298
0.02301847159907271
0.021629197084430292
0.0220100347651087
0.022781114668077543
0.0222274275543161
0.022941524765687515
0.022761920710407182
0.022566419206902517
0.022403008449549077
0.022015529160027844
0.022677967593436828
0.02239164829579814
0.023335426142163596
0.023127662223876955
0.02242140152993053
0.022708866962103398
0.022005500621976197
0.02227189501247685
0.022293038240938305
0.022481362547870837
0.02287643396587745
0.02305745595013558
0.021960667683262495
0.02304697584271208
0.021810266683536694
0.022398103038357944
0.022569858755880676
0.022521698619427426
0.022351198125785097
0.022544623404489827
0.02307973491864921
0.02236299248265523
0.022638803307314416
0.022752096389285312
0.022138617896217686
0.02242897603888096
0.022772278911885775
0.022615084193097403
0.02267638614896449
0.022246814133177716
0.022822844918774426
0.022312070091709796
0.022105510947914565
0.022676788629392895
0.02321426539581909
0.022447784633988672
0.022414144031490904
0.022453521579963595
0.02273889279925311
0.0223392745578378
0.022548692041425192
0.022667091808298272
0.02290934324459556
0.02273396467027609
0.022195445490657342
0.022224394677584323
0.02224914828382705
0.022141548648421897
0.02316025358518729
0.02230104001551236
0.023281246475265107
0.022677275366551744
0.02283345587461403
0.022621115072284013
0.02242036517697875
0.022662860111296756
0.02229621983363727
0.021510150283823325
0.022623690329311018
0.02288969558866806
0.023291062772520115
0.022205093925495883
0.02202766461700889
0.02248441443151566
0.02192855980847467
0.02265810732554365
0.022435487268618683
0.021144012859665526
0.02182006778526149
0.022603750701179953
0.022146364421708423
0.021729070951712174
0.022355320616787567
0.022608334104195247
0.022245884895637592
0.021665464208482674
0.021745417313634562
0.022038461803321276
0.022208582560000138
0.021739168405920325
0.02264291392783836
0.022796060378788247
0.022502099107635693
0.021663795984356148
0.022572080776594918
0.02185137661167262
0.021525547934134175
0.02215584958851112
0.02239805379173436
0.02228606303810091
0.022282731109981923
0.02177536527876758
0.021658033500892154
0.02197823508367153
0.02247068300425138
0.02177895598599133
0.02269229920560948
0.022469294510857718
0.022135672528740925
0.022425680612148922
0.022336912538483262
0.022133650709222047
0.022678160734879247
0.02254299798699352
0.022099448208459757
0.022088674122098046
0.022855289620601203
0.022005383219980256
0.022445839512719324
0.022660765034472605
0.022126457333321137
0.021774017748308963
0.022100963360870206
0.021640510070267203
0.022327749306137883
0.021779446031086225
0.022706944481749574
0.022770680420529668
0.022005837111854075
0.021956422084957385
0.02264195859278053
0.02210778027144659
0.022367383021957465
0.021987770722580194
0.022089343334078342
0.02211193485502237
0.022308339764160495
0.02172354232499666
0.022281063223611997
0.02227675973559608
0.022433829157449167
0.02204467162054023
0.022205071880342514
0.021578431198878922
0.021779900126657887
0.02228080468906762
0.021794320161102578
0.021678424213698796
0.02167345424832451
0.021721956439279034
0.022206887034343065
0.02207724411872333
0.021985902987816656
0.022537872837307554
0.02230388309716024
0.02232032544606051
0.02244012361031165
0.02287220564728118
0.02258318269494087
0.021922420846706123
0.02132155026846665
0.022030846000173226
0.021933572268127057
0.022004501362040484
0.021876698346894635
0.021731896105688254
0.021959034639662756
0.022002709742229603
0.021924405794472378
0.021978201192787233
0.0219520570680633
0.022516879259175948
0.022539760717641102
0.021495534839437443
0.021755136057480546
0.022341478590908365
0.022228622914464934
0.0215325996695157
0.02285374911001552
0.022883047167838122
0.02258480892238196
0.022365382838064725
0.022979182183219874
0.022230856358724436
0.022242798016317827
0.02261115541002293
0.02217182231059516
0.021891219812932416
0.021962422230677493
0.021206383919905696
0.021780071652248007
0.02266961911077802
0.022293567111619835
0.022115906889270755
0.021610587967232794
0.023124886877948416
0.022513637583202642
0.02241768224646904
0.022125204342489956
0.022921537647354356
0.02141093272698216
0.021962301390501593
0.021678233126663983
0.02264463202696995
0.022548476642145626
0.02236576470207508
0.02256647490719302
0.022162347729217047
0.023398189189184536
0.02182651177602392
0.02211478142546478
0.022507026441840418
0.021609468756252748
0.02253904226910017
0.022204536061811733
0.02157140752152516
0.02207754863026954
0.021472637128778102
0.022372685426199246
0.02266061609460331
0.02164911213252609
0.02259555034989604
0.021611263526461245
0.021715420551798596
0.02210375469445593
0.0223880688540606
0.02183339049637933
0.022168873136947147
0.02217878728682325
0.023271079345354145
0.0227843209686997
0.021808953139781893
0.02196607560539948
0.021917996917465543
0.0228249156110952
0.021397063340948538
0.022479982799709322
0.022224775446573874
0.02190719183659852
0.021521087254251812
0.021586146542937744
0.022683629704623995
0.02235521492357558
0.022618741406264374
0.021770502948448196
0.02277034847932222
0.02217798485122057
0.022201739644162024
0.02195567584881382
0.022205689481417823
0.02230922544524073
0.02258337046058304
0.022261444645962445
0.022668664416317246
0.022209254531088622
0.022321535445042184
0.022038863238549804
0.02154215988933993
0.022450189107020423
0.0218791914266022
0.022221326693913128
0.022134509860034
0.021287469469193073
0.022286125551474165
0.022269965740539136
0.021866840059564865
0.02165850951737926
0.022456306120818934
0.022875928094876576
0.021963147141579965
0.02151090002147882
0.022544425105773543
0.02170506287756659
0.022667201361287557
0.02238333270257091
0.022920437652652066
0.02203507273407076
0.02278294333191485
0.02162915662934091
0.022343273412331954
0.02192311455500589
0.0217959956417
0.022125572846280906
0.02178243850725664
0.02274545251442755
0.021549911595337017
0.021988623896308134
0.0218420060799056
0.021851575016494592
0.02268284084100763
0.021508310944299558
0.022791783939921473
0.02180550574605718
0.022454859903062906
0.022250135932202188
0.022126110438598606
0.022527890029829165
0.02193144977437377
0.02218158354677296
0.022465633832751984
0.022629277346608734
0.021211131179912107
0.021950935390759128
0.022276010500583893
0.02200550454452535
0.021559654362805224
0.022676372771914956
0.021899277202068936
0.02221999850371003
0.022823870539234896
0.02161416601654718
0.021930948351066903
0.02222231450244993
0.022511181656995415
0.022429155713490894
0.022165877728618017
0.022080013527379885
0.022052073042513234
0.022932545712501022
0.022106022952861713
0.022518558812124317
0.022440261400511273
0.022480617604907677
0.022039610116347388
0.02189506850064769
0.02229895731166548
0.022398851611434057
0.0224782281221387
0.022310985107803737
0.021423843334824062
0.020908880603598884
0.02262284287270591
0.02218669609612877
0.022375930179874593
0.021892591856614223
0.02217268805509109
0.02166098345444831
0.02178834560372093
0.021718993986658074
0.022219412882446294
0.022018531895609702
0.022223329936211938
0.02167016375839773
0.022005745189196096
0.022823616917914936
0.021996887650898717
0.022398432968685784
0.021993024846000412
0.0226888658208405
0.022198882726553123
0.022474041298452256
0.022487043776790953
0.022391494076409092
0.022503629161955214
0.021657080382154064
0.022577100293896903
0.021640812536962827
0.023034757851460273
0.021885206436239785
0.02233953903250148
0.022051455550336718
0.0223066621270369
0.02267604753434812
0.02190476060201347
0.02222945077454426
0.021786268692546747
0.022293418983094743
0.021798196680737417
0.021607551563650074
0.02180191208261364
0.02194384834225939
0.0226874668498088
0.02254071029326493
0.021750643161502412
0.021889151228048284
0.022076301093219515
0.022977807091774036
0.022264757137771863
0.022405213343649123
0.02238427944836432
0.02242047127034242
0.021161192969169
0.02189747430542126
0.022110246772453004
0.021794588970338893
0.02156113638862097
0.021614869803829647
0.022661284134229017
0.02216493272971304
0.021473159636765896
0.021703538578585115
0.023188053943745436
0.022333533329350924
0.022392270038127538
0.022873162037397678
0.02173766521818732
0.02162529638098738
0.022183712384272233
0.022312062917710762
0.022892788037338498
0.022193168953565795
0.02195564862885692
0.022043843622633827
0.022275516657713375
0.021915826047585556
0.02153702043233442
0.022218997386140728
0.02207117885692431
0.02215110169625333
0.02266396935384322
0.022134872492648252
0.021482726263037485
0.021790540796345622
0.021807323911768487
0.021901380429327776
0.022012371606101786
0.021697351333789985
0.02287425577623592
0.02227537549359368
0.022232273534056962
0.021363671168948477
0.022976370030762368
0.022320376397437735
0.020747816982836245
0.02180182923437711
0.022138814992790933
0.022439466911278082
0.02152255812681334
0.022507202687434686
0.02176674938534344
0.021996311993200974
0.02214621181192173
0.02278331612421297
0.021848728289230488
0.022367010249001062
0.022029962120467723
0.021970986011539396
0.02193362012067229
0.022520518245155902
0.022354625675192294
0.022492100584596355
0.02249993771383197
0.022042540044585945
0.022907389543227432
0.022483868478515828
0.02183961213242424
0.02170704185243243
0.02150462928102662
0.0229070783302044
0.022970250824804004
0.02211597295261658
0.02263216531745939
0.02242239295457986
0.022568573669680472
0.02255097803663054
0.021925070344343673
0.02204949463241413
0.022235055949714966
0.021833294287777087
0.0216490721791844
0.022381122390097426
0.02173153196173049
0.022638074372096546
0.022183314845516208
0.022168400875620775
0.022114208408288174
0.022250690973096374
0.022393024225258774
0.02267189550035692
0.02230730626489839
0.02209554368942146
0.022173974915338818
0.022221586392446077
0.02187661051931653
0.022366678628443704
0.022379847590320242
0.022374192220552157
0.022171262279750824
0.022064169514013122
0.022266775030781574
0.021849958475095306
0.022053912433381468
0.021703798364852638
0.022295123566292298
0.022232981364279022
0.02138431215057689
0.021978005179715383
0.02158261311237169
0.021411755890283837
0.02252379022205895
0.021718955921524428
0.022668317382786806
0.021732860345401842
0.02197298921561833
0.02164238462995502
0.022373674652447027
0.022015349313783027
0.02234670456730781
0.022001530921210495
0.022671527245259157
0.022378208723402838
0.022339967673493496
0.022288831508920755
0.022105400480725252
0.02277369945281238
0.022154308939946032
0.02124358589069267
0.021396798216964958
0.022596094589968845
0.022284682253436935
0.02143215863244835
0.02170683185206934
0.02193550313347132
0.021357348328740918
0.022556840830271072
0.021837488057530753
0.021979256669412646
0.022260235618162618
0.022250152366605727
0.02283576450544668
0.022112056030172317
0.021617278932870222
0.022408120254168114
0.02151463779864735
0.02193202752744549
0.02184480125182988
0.020863020113681695
0.022293492178244285
0.02249951355805174
0.022081767562043015
0.02240757157539694
0.02169601648876837
0.022549478977483904
0.022027899781208362
0.022342497641636382
0.02183118578130058
0.021865329462303303
0.021900050229085827
0.021977722091897786
0.021878753928513756
0.022303905617930914
0.022011152188688658
0.022487668322997808
0.022344056693718008
0.02205085348915762
0.022039549114028473
0.022072461654011118
0.021473951957751085
0.022019526772390254
0.022003616293138985
0.022041380689654787
0.022599824185986904
0.02288405666801472
0.022419042428120168
0.02169860483728545
0.022215525952085684
0.02231599195952629
0.022605347268631594
0.02155567685919048
0.022058905311286795
0.021775083789047706
0.021705157473992084
0.021602469735821323
0.02312949284017949
0.022075208006696573
0.022604108618234257
0.022140810563977834
0.022115120551494994
0.02228220075084889
0.022436231497090085
0.022549503835023906
0.022797724440052902
0.02220228845756464
0.021533418852734517
0.021937739895169527
0.022024447493050207
0.0223452509586685
0.0217745686714689
0.021838373062731852
0.02226955691456737
0.02228720060214496
0.02263735239870641
0.022451590684685656
0.021640171464311447
0.022205758541694855
0.022322242426355627
0.02169405528989538
0.022320420662547212
0.022422792325280314
0.021877500508678364
0.022465181166329614
0.021562338623689024
0.02252470822589083
0.0220060522846233
0.022015200352280745
0.021991556831037144
0.021775882831684055
0.022029750085123763
0.022131500239551453
0.02241251265011826
0.02263712941164071
0.021650709212011416
0.02244294562121546
0.022122372599969325
0.021709449943610726
0.023036872788510455
0.022306790520986306
0.02171411437717338
0.021607486195238074
0.022415642215400843
0.02231473339045773
0.022640040561636897
0.02227551031672426
0.022476100108573264
0.02127469009592622
0.021675033196030126
0.021920408913412008
0.02163701197851958
0.021669418834377938
0.022629687258538932
0.021523237425373168
0.02269715613904448
0.022697423505492392
0.021735012664533458
0.022427661437743582
0.021918596486896234
0.022275102911136567
0.021994694868788314
0.021681415868664032
0.022130283241368197
0.022107754123313506
0.02165392983735893
0.02234778679382527
0.02242637756634714
0.021711597669953724
0.02133924964748753
0.022162763228388255
0.02178514234670587
0.022124969183650495
0.02226891316038601
0.022507314467607384
0.02204098843217679
0.02212457220973804
0.022177639456916632
0.02205886663219161
0.021991840755094944
0.02214748498538516
0.022063624081025746
0.022007780122310756
0.021987024790719675
0.021698381730018385
0.02223519074912393
0.02135261636360661
0.021827507173772832
0.022271541042102758
0.022300541159363876
0.021592123304233043
0.022890162423716977
0.02184363504015579
0.02215190249540525
0.021583818398290405
0.021119899001427307
0.02235687801086401
0.021744737894849445
0.02145734545233295
0.02188201512998036
0.022517317515210262
0.022045552748304536
0.022208624521686048
0.022031442832168045
0.022740807894737054
0.022428042711940255
0.022135581569871707
0.02217147492049891
0.022199424955820807
0.022248096933115392
0.02239777233977775
0.022768290199175863
0.021205800751242735
0.022947165422580698
0.021901747127704367
0.021368160968425864
0.022582189407684788
0.023136676192631194
0.02225022172860911
0.022146554086633075
0.021943248489135148
0.021838996399066203
0.021717670315727727
0.022111539046647158
0.02162504163412957
0.02124457791170869
0.02255269322017202
0.022314619376632133
0.02239087692946483
0.021898202439037145
0.021733723420779023
0.022314327636003436
0.02239056897422623
0.021927844544426485
0.021910522419380747
0.02212483223481885
0.022333492430389984
0.02264736243388495
0.0220626783824215
0.021471965366712243
0.021675563265530537
0.02166245107702349
0.02215462116339714
0.022504268106122077
0.021693556730176436
0.021919151892767764
0.02183911071859796
0.022534194944924833
0.02289705150488989
0.021732886065524506
0.022068884932025565
0.022882276855607824
0.022067523460803613
0.022071990802328585
0.022620985091567573
0.021435873876820232
0.021947089009869022
0.022529758906962166
0.022559531086790666
0.022096978348547226
0.022291825640284677
0.02183344497273752
0.021918507059763438
0.02209960991934252
0.02207098525853157
0.021562118331716888
0.021871044633392272
0.02224941469461647
0.021685799285216755
0.021884580784654075
0.022606163708207554
0.021727806575412803
0.02247231723742596
0.0214712979095865
0.02146106990124013
0.022660857541535732
0.022110988704872728
0.02195463188089133
0.02134099488014022
0.022194130781824254
0.021301775554849883
0.022516805761516732
0.02213694718959091
0.02224560695659061
0.02285646874765415
0.021315607676510282
0.02268648226251666
0.02157090951735528
0.021816227602028438
0.022560104936452018
0.021797218828487744
0.021812188264871437
0.021738485943539342
0.021947666691171562
0.022339673386903285
0.022308787110989728
0.02248335520351722
0.022148428992964066
0.022501529361589223
0.022156371775942967
0.02251901988703559
0.023187979895407135
0.022644476775262243
0.02239019247354987
0.02210147019886945
0.022333563050925737
0.022374504225551792
0.022551391080641477
0.022045491659678937
0.021940149580227157
0.021924403710143033
0.02302061966115491
0.022672553706412413
0.02207322831275883
0.022294600698742745
0.022137230603607682
0.02184073677763727
0.022384863728059208
0.021602999140425808
0.02263201095286228
0.02189455572291494
0.022240675525198917
0.022136814221086775
0.021915695269470216
0.022089285449321032
0.021581137166159416
0.023548597624967478
0.021897651530654268
0.022070942330671577
0.022359241878361902
0.021773576352534487
0.022196415417094
0.022595538674286528
0.022443282800725918
0.02184988067844475
0.0223378807170607
0.021998362860584368
0.02288439451649797
0.02198445658361224
0.022111802518537584
0.022567889267172864
0.022066183635276227
0.022208658114743037
0.022528619717141426
0.022094671939294964
0.02228589454776244
0.021945233283778082
0.022044548300611713
0.022597124301973862
0.022255793872199624
0.021506943660416406
0.02238039650231656
0.022078718962574274
0.022396072817023775
0.02242139464401195
0.02279097654195818
0.02223079946850886
0.02210099426923554
0.02208826403888549
0.023020444177567462
0.022518776650917786
0.021536132119853644
0.022520439046927094
0.0214465822137843
0.022419094907589306
0.021674066582562216
0.022110193024925246
0.02261556530194108
0.02161903520326622
0.022073811134309982
0.022285387887068717
0.021991549562062784
0.022173204413570343
0.021807748525651306
0.021689280929169722
0.0215531004226276
0.021947632020835574
0.02198678229544562
0.02193962062740287
0.021375801798835435
0.022217924519208846
0.022242194423610563
0.023277556052087315
0.022488119931086115
0.02159976957708823
0.021792287957727176
0.0223287982572622
0.022535967304691013
0.021547638451370196
0.021435243503041122
0.022007964867028544
0.02134149508093542
0.022842565151451697
0.021919367433546638
0.02296518476644412
0.02223135303857563
0.022185688628836377
0.02178712989854243
0.02157492685444644
0.022736029999957462
0.02252738672483673
0.022045358707483274
0.022153235662626343
0.022401576886294534
0.022296026796227945
0.022035407679711336
0.02204346395860539
0.022409577220576155
0.02199818894179599
0.02144431199123581
0.021749224606960615
0.021928339408532813
0.022195695473855435
0.022185950054555873
0.022134714721695606
0.021894414151318282
0.022120480095701302
0.022059630148241673
0.022425751340341527
0.022980445020626974
0.023141730337717308
0.021580141933604777
0.02245969306713667
0.02230548394002094
0.022193833649515948
0.021392568600801486
0.02270776983057609
0.02271969071939982
0.021514058634040756
0.021215766990369672
0.02165285648458595
0.02213471826696821
0.0220400009680923
0.022401753996246096
0.022202871932354047
0.021859993723548063
0.02174235979197701
0.022134304181347087
0.02245974889538557
0.021854662054161134
0.022148743080247807
0.022167680191904852
0.02195247857960003
0.022631922105384637
0.022986826558424413
0.02290140021410164
0.0223435806518958
0.02235636098560969
0.022247468397812033
0.022105477362361018
0.02178597704345351
0.02172302159169007
0.021771085325685773
0.022460646881480452
0.021652138462982477
0.02208711406001092
0.022060113737382748
0.02228695858047134
0.022332440012630496
0.022144750895076164
0.022571386552875643
0.022600026549547767
0.022264299857594858
0.02162229157942016
0.022017689856533313
0.02221524779935506
0.022067229284463308
0.02232931973133568
0.022370526467990814
0.02103935932518091
0.022350313489770627
0.022325861691332046
0.022111936556628357
0.022159866916171663
0.021864322518445434
0.0227041498563942
0.022186028577885982
0.021608552586932752
0.02220429177689825
0.021957675044523502
0.02238137567211908
0.022302438431107054
0.022497171475033467
0.02238450035593649
0.02165466402397473
0.02199296194517383
0.022020706241861324
0.021985533594197238
0.02235884125976376
0.023277133614331865
0.02222571027361188
0.022205425797688597
0.022382380976401443
0.022202953914821435
0.021916861663386075
0.021348948536639545
0.02150280195278348
0.0220874228261916
0.022215459467432405
0.022151471771783535
0.02152241070604063
0.022079514161453866
0.02137915011202268
0.022433973594527857
0.022691826228254438
0.021485248398616236
0.022600069892295474
0.021706858955458024
0.021559798731172822
0.02220975446839689
0.022265808348679132
0.022534431583857737
0.02136798658064857
0.02244666205324816
0.021932499225423036
0.02216265741609979
0.02215858101834921
0.022240375511048887
0.02135594579157522
0.021492193286233054
0.02166589244305471
0.021521646482057132
0.022414383433742465
0.022135074081249356
0.022131409797140175
0.022576259276794387
0.022272235315406463
0.021387873544068674
0.021820203763135083
0.022114132950804093
0.02181474383116676
0.022279805630837212
0.021961081105478703
0.021970973501649043
0.022557728212958275
0.021196261758509288
0.021569476498571237
0.022325122276651697
0.021782517900266
0.022482321566314557
0.02230631250995396
0.022114724212601924
0.02195458432514691
0.021574860916317436
0.022224039819210808
0.021943451559002018
0.022868338516007277
0.02266473325137068
0.02197260924510005
0.02225432069850521
0.02156503311195945
0.02182609528684631
0.021846815307251487
0.022031370068551336
0.022418533639941396
0.02259593224367632
0.021521097560373643
0.022585661908633706
0.021373707024026106
0.021949777101849366
0.02211809491472034
0.022070898763397264
0.021903811049541984
0.02209336468031477
0.022617765270865987
0.021915369327671966
0.022185659455050216
0.02229668483484527
0.021695485878099212
0.02198003214082023
0.022316463379129545
0.02216241510848544
0.022222490029319343
0.02180151643259712
0.02236601724439286
0.021865466211813255
0.021663041606615273
0.022222884453586327
0.022749602952932598
0.021998464258459124
0.021965497014526356
0.022004086372319744
0.022283745531133495
0.021892126146669657
0.02209735187842596
0.022213381726474454
0.022450784198442347
0.022278916044791895
0.021751175997440267
0.02177954573033753
0.02180380386228671
0.021698357967670202
0.022696672255972376
0.021854656916346266
0.022815243322630237
0.02222336144810051
0.022376415808714308
0.02216832527210753
0.021971593636046515
0.02220923473213817
0.021849933216433734
0.021079597827943847
0.022170848982141902
0.02243152981483636
0.022824863134468843
0.02176063130683684

